FID	IID	Phenotype	Amhy_Null	Amhy_Pos	Only_M	Only_F
SRR22066360	SRR22066360	2	1	-9	-9	1
SRR22066359	SRR22066359	1	2	-9	2	-9
SRR22066294	SRR22066294	2	-9	2	-9	2
SRR22066283	SRR22066283	1	-9	1	1	-9
SRR22066272	SRR22066272	2	1	-9	-9	1
SRR22066324	SRR22066324	1	2	-9	2	-9
SRR22066313	SRR22066313	-9	-9	-9	-9	-9
SRR22066267	SRR22066267	2	-9	2	-9	2
SRR22066256	SRR22066256	2	-9	2	-9	2
SRR22066245	SRR22066245	1	-9	1	1	-9
SRR22066358	SRR22066358	2	1	-9	-9	1
SRR22066347	SRR22066347	1	-9	1	1	-9
SRR22066337	SRR22066337	1	-9	1	1	-9
SRR22066336	SRR22066336	1	-9	1	1	-9
SRR22066335	SRR22066335	2	-9	2	-9	2
SRR22066334	SRR22066334	1	-9	1	1	-9
SRR22066333	SRR22066333	2	-9	2	-9	2
SRR22066297	SRR22066297	2	1	-9	-9	1
SRR22066296	SRR22066296	2	1	-9	-9	1
SRR22066295	SRR22066295	2	-9	2	-9	2
SRR22066293	SRR22066293	1	2	-9	2	-9
SRR22066292	SRR22066292	2	1	-9	-9	1
SRR22066291	SRR22066291	-9	-9	-9	-9	-9
SRR22066290	SRR22066290	2	1	-9	-9	1
SRR22066289	SRR22066289	2	1	-9	-9	1
SRR22066288	SRR22066288	2	1	-9	-9	1
SRR22066287	SRR22066287	2	1	-9	-9	1
SRR22066286	SRR22066286	2	-9	2	-9	2
SRR22066285	SRR22066285	1	2	-9	2	-9
SRR22066284	SRR22066284	2	1	-9	-9	1
SRR22066282	SRR22066282	2	1	-9	-9	1
SRR22066281	SRR22066281	-9	-9	-9	-9	-9
SRR22066280	SRR22066280	1	-9	1	1	-9
SRR22066279	SRR22066279	2	-9	2	-9	2
SRR22066278	SRR22066278	2	-9	2	-9	2
SRR22066277	SRR22066277	2	1	-9	-9	1
SRR22066276	SRR22066276	1	-9	1	1	-9
SRR22066275	SRR22066275	2	-9	2	-9	2
SRR22066274	SRR22066274	1	-9	1	1	-9
SRR22066273	SRR22066273	1	2	-9	2	-9
SRR22066271	SRR22066271	2	1	-9	-9	1
SRR22066270	SRR22066270	-9	-9	-9	-9	-9
SRR22066332	SRR22066332	-9	-9	-9	-9	-9
SRR22066331	SRR22066331	2	1	-9	-9	1
SRR22066330	SRR22066330	2	1	-9	-9	1
SRR22066329	SRR22066329	-9	-9	-9	-9	-9
SRR22066328	SRR22066328	2	-9	2	-9	2
SRR22066327	SRR22066327	2	1	-9	-9	1
SRR22066326	SRR22066326	2	-9	2	-9	2
SRR22066325	SRR22066325	2	-9	2	-9	2
SRR22066323	SRR22066323	2	-9	2	-9	2
SRR22066322	SRR22066322	1	2	-9	2	-9
SRR22066321	SRR22066321	2	-9	2	-9	2
SRR22066320	SRR22066320	1	-9	1	1	-9
SRR22066319	SRR22066319	2	1	-9	-9	1
SRR22066318	SRR22066318	2	1	-9	-9	1
SRR22066317	SRR22066317	-9	-9	-9	-9	-9
SRR22066316	SRR22066316	2	1	-9	-9	1
SRR22066315	SRR22066315	2	1	-9	-9	1
SRR22066314	SRR22066314	2	-9	2	-9	2
SRR22066312	SRR22066312	2	-9	2	-9	2
SRR22066311	SRR22066311	2	-9	2	-9	2
SRR22066310	SRR22066310	1	2	-9	2	-9
SRR22066309	SRR22066309	2	1	-9	-9	1
SRR22066308	SRR22066308	2	1	-9	-9	1
SRR22066307	SRR22066307	2	-9	2	-9	2
SRR22066306	SRR22066306	1	-9	-9	-9	-9
SRR22066305	SRR22066305	-9	-9	-9	-9	-9
SRR22066269	SRR22066269	2	-9	2	-9	2
SRR22066268	SRR22066268	2	1	-9	-9	1
SRR22066266	SRR22066266	2	1	-9	-9	1
SRR22066265	SRR22066265	2	-9	2	-9	2
SRR22066264	SRR22066264	-9	-9	-9	-9	-9
SRR22066263	SRR22066263	2	1	-9	-9	1
SRR22066262	SRR22066262	2	-9	2	-9	2
SRR22066261	SRR22066261	2	1	-9	-9	1
SRR22066260	SRR22066260	2	-9	2	-9	2
SRR22066259	SRR22066259	1	2	-9	2	-9
SRR22066258	SRR22066258	2	1	-9	-9	1
SRR22066257	SRR22066257	2	-9	2	-9	2
SRR22066255	SRR22066255	1	-9	1	1	-9
SRR22066254	SRR22066254	2	-9	2	-9	2
SRR22066253	SRR22066253	2	1	-9	-9	1
SRR22066252	SRR22066252	2	-9	2	-9	2
SRR22066251	SRR22066251	2	-9	2	-9	2
SRR22066250	SRR22066250	1	-9	1	1	-9
SRR22066249	SRR22066249	2	1	-9	-9	1
SRR22066248	SRR22066248	2	-9	2	-9	2
SRR22066247	SRR22066247	2	1	-9	-9	1
SRR22066246	SRR22066246	1	-9	1	1	-9
SRR22066244	SRR22066244	2	-9	2	-9	2
SRR22066243	SRR22066243	2	1	-9	-9	1
SRR22066242	SRR22066242	2	1	-9	-9	1
SRR22066304	SRR22066304	-9	-9	-9	-9	-9
SRR22066303	SRR22066303	-9	-9	-9	-9	-9
SRR22066302	SRR22066302	1	-9	1	1	-9
SRR22066301	SRR22066301	2	1	-9	-9	1
SRR22066300	SRR22066300	2	-9	2	-9	2
SRR22066299	SRR22066299	2	-9	2	-9	2
SRR22066298	SRR22066298	2	-9	2	-9	2
SRR22066357	SRR22066357	-9	-9	-9	-9	-9
SRR22066356	SRR22066356	-9	-9	-9	-9	-9
SRR22066355	SRR22066355	-9	-9	-9	-9	-9
SRR22066354	SRR22066354	2	-9	2	-9	2
SRR22066353	SRR22066353	2	1	-9	-9	1
SRR22066352	SRR22066352	1	-9	1	1	-9
SRR22066351	SRR22066351	1	-9	1	1	-9
SRR22066350	SRR22066350	2	1	-9	-9	1
SRR22066349	SRR22066349	2	1	-9	-9	1
SRR22066348	SRR22066348	-9	-9	-9	-9	-9
SRR22066346	SRR22066346	1	-9	1	1	-9
SRR22066345	SRR22066345	2	-9	2	-9	2
SRR22066344	SRR22066344	2	-9	2	-9	2
SRR22066343	SRR22066343	2	-9	2	-9	2
SRR22066342	SRR22066342	2	-9	2	-9	2
SRR22066341	SRR22066341	-9	-9	-9	-9	-9
SRR22066340	SRR22066340	-9	-9	-9	-9	-9
SRR22066339	SRR22066339	2	1	-9	-9	1
SRR22066338	SRR22066338	1	-9	1	1	-9
